{
 "cells": [
  {
   "cell_type": "markdown",
   "metadata": {},
   "source": [
    "### Logistic Regression - update- Amrita"
   ]
  },
  {
   "cell_type": "markdown",
   "metadata": {},
   "source": [
    "Link to dataset:\n",
    "https://www.kaggle.com/datasets/dileep070/heart-disease-prediction-using-logistic-regression/data\n",
    "\n",
    "Link to original notebook:\n",
    "https://www.kaggle.com/code/aryantyagi19/predict-heart-disease-logistic-regression#Logistic-Regression"
   ]
  },
  {
   "cell_type": "code",
   "execution_count": null,
   "metadata": {},
   "outputs": [],
   "source": [
    "import pandas as pd\n",
    "import numpy as np\n",
    "import matplotlib.pyplot as plt\n",
    "import seaborn as sns\n",
    "from sklearn.model_selection import train_test_split\n",
    "from sklearn import metrics\n",
    "from sklearn.impute import SimpleImputer\n",
    "from sklearn.linear_model import LogisticRegression\n",
    "from sklearn.metrics import accuracy_score, classification_report, confusion_matrix\n",
    "from sklearn.preprocessing import StandardScaler, MinMaxScaler\n",
    "from sklearn.pipeline import make_pipeline\n",
    "from sklearn.dummy import DummyClassifier"
   ]
  },
  {
   "cell_type": "code",
   "execution_count": 28,
   "metadata": {},
   "outputs": [],
   "source": [
    "df = pd.read_csv(\"data/framingham.csv\")"
   ]
  },
  {
   "cell_type": "code",
   "execution_count": 29,
   "metadata": {},
   "outputs": [
    {
     "data": {
      "text/html": [
       "<div>\n",
       "<style scoped>\n",
       "    .dataframe tbody tr th:only-of-type {\n",
       "        vertical-align: middle;\n",
       "    }\n",
       "\n",
       "    .dataframe tbody tr th {\n",
       "        vertical-align: top;\n",
       "    }\n",
       "\n",
       "    .dataframe thead th {\n",
       "        text-align: right;\n",
       "    }\n",
       "</style>\n",
       "<table border=\"1\" class=\"dataframe\">\n",
       "  <thead>\n",
       "    <tr style=\"text-align: right;\">\n",
       "      <th></th>\n",
       "      <th>male</th>\n",
       "      <th>age</th>\n",
       "      <th>education</th>\n",
       "      <th>currentSmoker</th>\n",
       "      <th>cigsPerDay</th>\n",
       "      <th>BPMeds</th>\n",
       "      <th>prevalentStroke</th>\n",
       "      <th>prevalentHyp</th>\n",
       "      <th>diabetes</th>\n",
       "      <th>totChol</th>\n",
       "      <th>sysBP</th>\n",
       "      <th>diaBP</th>\n",
       "      <th>BMI</th>\n",
       "      <th>heartRate</th>\n",
       "      <th>glucose</th>\n",
       "      <th>TenYearCHD</th>\n",
       "    </tr>\n",
       "  </thead>\n",
       "  <tbody>\n",
       "    <tr>\n",
       "      <th>0</th>\n",
       "      <td>1</td>\n",
       "      <td>39</td>\n",
       "      <td>4.0</td>\n",
       "      <td>0</td>\n",
       "      <td>0.0</td>\n",
       "      <td>0.0</td>\n",
       "      <td>0</td>\n",
       "      <td>0</td>\n",
       "      <td>0</td>\n",
       "      <td>195.0</td>\n",
       "      <td>106.0</td>\n",
       "      <td>70.0</td>\n",
       "      <td>26.97</td>\n",
       "      <td>80.0</td>\n",
       "      <td>77.0</td>\n",
       "      <td>0</td>\n",
       "    </tr>\n",
       "    <tr>\n",
       "      <th>1</th>\n",
       "      <td>0</td>\n",
       "      <td>46</td>\n",
       "      <td>2.0</td>\n",
       "      <td>0</td>\n",
       "      <td>0.0</td>\n",
       "      <td>0.0</td>\n",
       "      <td>0</td>\n",
       "      <td>0</td>\n",
       "      <td>0</td>\n",
       "      <td>250.0</td>\n",
       "      <td>121.0</td>\n",
       "      <td>81.0</td>\n",
       "      <td>28.73</td>\n",
       "      <td>95.0</td>\n",
       "      <td>76.0</td>\n",
       "      <td>0</td>\n",
       "    </tr>\n",
       "    <tr>\n",
       "      <th>2</th>\n",
       "      <td>1</td>\n",
       "      <td>48</td>\n",
       "      <td>1.0</td>\n",
       "      <td>1</td>\n",
       "      <td>20.0</td>\n",
       "      <td>0.0</td>\n",
       "      <td>0</td>\n",
       "      <td>0</td>\n",
       "      <td>0</td>\n",
       "      <td>245.0</td>\n",
       "      <td>127.5</td>\n",
       "      <td>80.0</td>\n",
       "      <td>25.34</td>\n",
       "      <td>75.0</td>\n",
       "      <td>70.0</td>\n",
       "      <td>0</td>\n",
       "    </tr>\n",
       "    <tr>\n",
       "      <th>3</th>\n",
       "      <td>0</td>\n",
       "      <td>61</td>\n",
       "      <td>3.0</td>\n",
       "      <td>1</td>\n",
       "      <td>30.0</td>\n",
       "      <td>0.0</td>\n",
       "      <td>0</td>\n",
       "      <td>1</td>\n",
       "      <td>0</td>\n",
       "      <td>225.0</td>\n",
       "      <td>150.0</td>\n",
       "      <td>95.0</td>\n",
       "      <td>28.58</td>\n",
       "      <td>65.0</td>\n",
       "      <td>103.0</td>\n",
       "      <td>1</td>\n",
       "    </tr>\n",
       "    <tr>\n",
       "      <th>4</th>\n",
       "      <td>0</td>\n",
       "      <td>46</td>\n",
       "      <td>3.0</td>\n",
       "      <td>1</td>\n",
       "      <td>23.0</td>\n",
       "      <td>0.0</td>\n",
       "      <td>0</td>\n",
       "      <td>0</td>\n",
       "      <td>0</td>\n",
       "      <td>285.0</td>\n",
       "      <td>130.0</td>\n",
       "      <td>84.0</td>\n",
       "      <td>23.10</td>\n",
       "      <td>85.0</td>\n",
       "      <td>85.0</td>\n",
       "      <td>0</td>\n",
       "    </tr>\n",
       "  </tbody>\n",
       "</table>\n",
       "</div>"
      ],
      "text/plain": [
       "   male  age  education  currentSmoker  cigsPerDay  BPMeds  prevalentStroke  \\\n",
       "0     1   39        4.0              0         0.0     0.0                0   \n",
       "1     0   46        2.0              0         0.0     0.0                0   \n",
       "2     1   48        1.0              1        20.0     0.0                0   \n",
       "3     0   61        3.0              1        30.0     0.0                0   \n",
       "4     0   46        3.0              1        23.0     0.0                0   \n",
       "\n",
       "   prevalentHyp  diabetes  totChol  sysBP  diaBP    BMI  heartRate  glucose  \\\n",
       "0             0         0    195.0  106.0   70.0  26.97       80.0     77.0   \n",
       "1             0         0    250.0  121.0   81.0  28.73       95.0     76.0   \n",
       "2             0         0    245.0  127.5   80.0  25.34       75.0     70.0   \n",
       "3             1         0    225.0  150.0   95.0  28.58       65.0    103.0   \n",
       "4             0         0    285.0  130.0   84.0  23.10       85.0     85.0   \n",
       "\n",
       "   TenYearCHD  \n",
       "0           0  \n",
       "1           0  \n",
       "2           0  \n",
       "3           1  \n",
       "4           0  "
      ]
     },
     "execution_count": 29,
     "metadata": {},
     "output_type": "execute_result"
    }
   ],
   "source": [
    "df.head()"
   ]
  },
  {
   "cell_type": "code",
   "execution_count": 30,
   "metadata": {},
   "outputs": [
    {
     "name": "stdout",
     "output_type": "stream",
     "text": [
      "<class 'pandas.core.frame.DataFrame'>\n",
      "RangeIndex: 4238 entries, 0 to 4237\n",
      "Data columns (total 16 columns):\n",
      " #   Column           Non-Null Count  Dtype  \n",
      "---  ------           --------------  -----  \n",
      " 0   male             4238 non-null   int64  \n",
      " 1   age              4238 non-null   int64  \n",
      " 2   education        4133 non-null   float64\n",
      " 3   currentSmoker    4238 non-null   int64  \n",
      " 4   cigsPerDay       4209 non-null   float64\n",
      " 5   BPMeds           4185 non-null   float64\n",
      " 6   prevalentStroke  4238 non-null   int64  \n",
      " 7   prevalentHyp     4238 non-null   int64  \n",
      " 8   diabetes         4238 non-null   int64  \n",
      " 9   totChol          4188 non-null   float64\n",
      " 10  sysBP            4238 non-null   float64\n",
      " 11  diaBP            4238 non-null   float64\n",
      " 12  BMI              4219 non-null   float64\n",
      " 13  heartRate        4237 non-null   float64\n",
      " 14  glucose          3850 non-null   float64\n",
      " 15  TenYearCHD       4238 non-null   int64  \n",
      "dtypes: float64(9), int64(7)\n",
      "memory usage: 529.9 KB\n"
     ]
    }
   ],
   "source": [
    "df.info()"
   ]
  },
  {
   "cell_type": "code",
   "execution_count": 47,
   "metadata": {},
   "outputs": [],
   "source": [
    "# Define columns that have missing data\n",
    "cols_missing = ['education', 'cigsPerDay', 'BPMeds', 'totChol', 'BMI', 'heartRate', 'glucose']\n",
    "\n",
    "# Create the imputer (using the median strategy)\n",
    "imputer = SimpleImputer(strategy='median')\n",
    "\n",
    "# Impute missing values for the selected columns\n",
    "df[cols_missing] = imputer.fit_transform(df[cols_missing])\n"
   ]
  },
  {
   "cell_type": "code",
   "execution_count": 48,
   "metadata": {},
   "outputs": [
    {
     "data": {
      "text/html": [
       "<div>\n",
       "<style scoped>\n",
       "    .dataframe tbody tr th:only-of-type {\n",
       "        vertical-align: middle;\n",
       "    }\n",
       "\n",
       "    .dataframe tbody tr th {\n",
       "        vertical-align: top;\n",
       "    }\n",
       "\n",
       "    .dataframe thead th {\n",
       "        text-align: right;\n",
       "    }\n",
       "</style>\n",
       "<table border=\"1\" class=\"dataframe\">\n",
       "  <thead>\n",
       "    <tr style=\"text-align: right;\">\n",
       "      <th></th>\n",
       "      <th>male</th>\n",
       "      <th>age</th>\n",
       "      <th>education</th>\n",
       "      <th>currentSmoker</th>\n",
       "      <th>cigsPerDay</th>\n",
       "      <th>BPMeds</th>\n",
       "      <th>prevalentStroke</th>\n",
       "      <th>prevalentHyp</th>\n",
       "      <th>diabetes</th>\n",
       "      <th>totChol</th>\n",
       "      <th>sysBP</th>\n",
       "      <th>diaBP</th>\n",
       "      <th>BMI</th>\n",
       "      <th>heartRate</th>\n",
       "      <th>glucose</th>\n",
       "      <th>TenYearCHD</th>\n",
       "    </tr>\n",
       "  </thead>\n",
       "  <tbody>\n",
       "    <tr>\n",
       "      <th>count</th>\n",
       "      <td>4238.000000</td>\n",
       "      <td>4.238000e+03</td>\n",
       "      <td>4238.000000</td>\n",
       "      <td>4238.000000</td>\n",
       "      <td>4238.000000</td>\n",
       "      <td>4238.000000</td>\n",
       "      <td>4238.000000</td>\n",
       "      <td>4238.000000</td>\n",
       "      <td>4238.000000</td>\n",
       "      <td>4238.000000</td>\n",
       "      <td>4.238000e+03</td>\n",
       "      <td>4.238000e+03</td>\n",
       "      <td>4238.000000</td>\n",
       "      <td>4238.000000</td>\n",
       "      <td>4238.000000</td>\n",
       "      <td>4238.000000</td>\n",
       "    </tr>\n",
       "    <tr>\n",
       "      <th>mean</th>\n",
       "      <td>0.429212</td>\n",
       "      <td>1.307747e-16</td>\n",
       "      <td>0.000511</td>\n",
       "      <td>0.494101</td>\n",
       "      <td>-0.005204</td>\n",
       "      <td>0.029259</td>\n",
       "      <td>0.005899</td>\n",
       "      <td>0.310524</td>\n",
       "      <td>0.025720</td>\n",
       "      <td>-0.000622</td>\n",
       "      <td>-3.872944e-16</td>\n",
       "      <td>7.880016e-17</td>\n",
       "      <td>-0.000375</td>\n",
       "      <td>-0.000015</td>\n",
       "      <td>-0.013746</td>\n",
       "      <td>0.151958</td>\n",
       "    </tr>\n",
       "    <tr>\n",
       "      <th>std</th>\n",
       "      <td>0.495022</td>\n",
       "      <td>1.000118e+00</td>\n",
       "      <td>0.987656</td>\n",
       "      <td>0.500024</td>\n",
       "      <td>0.998661</td>\n",
       "      <td>0.168552</td>\n",
       "      <td>0.076587</td>\n",
       "      <td>0.462763</td>\n",
       "      <td>0.158316</td>\n",
       "      <td>0.994217</td>\n",
       "      <td>1.000118e+00</td>\n",
       "      <td>1.000118e+00</td>\n",
       "      <td>0.997889</td>\n",
       "      <td>1.000000</td>\n",
       "      <td>0.954221</td>\n",
       "      <td>0.359023</td>\n",
       "    </tr>\n",
       "    <tr>\n",
       "      <th>min</th>\n",
       "      <td>0.000000</td>\n",
       "      <td>-2.051644e+00</td>\n",
       "      <td>-0.960068</td>\n",
       "      <td>0.000000</td>\n",
       "      <td>-0.760561</td>\n",
       "      <td>0.000000</td>\n",
       "      <td>0.000000</td>\n",
       "      <td>0.000000</td>\n",
       "      <td>0.000000</td>\n",
       "      <td>-2.715230</td>\n",
       "      <td>-2.345058e+00</td>\n",
       "      <td>-2.638271e+00</td>\n",
       "      <td>-2.659956</td>\n",
       "      <td>-2.602582</td>\n",
       "      <td>-2.564503</td>\n",
       "      <td>0.000000</td>\n",
       "    </tr>\n",
       "    <tr>\n",
       "      <th>25%</th>\n",
       "      <td>0.000000</td>\n",
       "      <td>-8.849392e-01</td>\n",
       "      <td>-0.960068</td>\n",
       "      <td>0.000000</td>\n",
       "      <td>-0.760561</td>\n",
       "      <td>0.000000</td>\n",
       "      <td>0.000000</td>\n",
       "      <td>0.000000</td>\n",
       "      <td>0.000000</td>\n",
       "      <td>-0.709571</td>\n",
       "      <td>-7.223743e-01</td>\n",
       "      <td>-6.790475e-01</td>\n",
       "      <td>-0.694417</td>\n",
       "      <td>-0.666826</td>\n",
       "      <td>-0.617437</td>\n",
       "      <td>0.000000</td>\n",
       "    </tr>\n",
       "    <tr>\n",
       "      <th>50%</th>\n",
       "      <td>0.000000</td>\n",
       "      <td>-6.824590e-02</td>\n",
       "      <td>0.020644</td>\n",
       "      <td>0.000000</td>\n",
       "      <td>-0.760561</td>\n",
       "      <td>0.000000</td>\n",
       "      <td>0.000000</td>\n",
       "      <td>0.000000</td>\n",
       "      <td>0.000000</td>\n",
       "      <td>-0.052747</td>\n",
       "      <td>-1.895529e-01</td>\n",
       "      <td>-6.438908e-02</td>\n",
       "      <td>-0.083559</td>\n",
       "      <td>-0.064591</td>\n",
       "      <td>-0.150142</td>\n",
       "      <td>0.000000</td>\n",
       "    </tr>\n",
       "    <tr>\n",
       "      <th>75%</th>\n",
       "      <td>1.000000</td>\n",
       "      <td>7.484475e-01</td>\n",
       "      <td>1.001356</td>\n",
       "      <td>1.000000</td>\n",
       "      <td>0.934811</td>\n",
       "      <td>0.000000</td>\n",
       "      <td>0.000000</td>\n",
       "      <td>1.000000</td>\n",
       "      <td>0.000000</td>\n",
       "      <td>0.604077</td>\n",
       "      <td>5.854601e-01</td>\n",
       "      <td>6.271017e-01</td>\n",
       "      <td>0.610896</td>\n",
       "      <td>0.623678</td>\n",
       "      <td>0.395037</td>\n",
       "      <td>0.000000</td>\n",
       "    </tr>\n",
       "    <tr>\n",
       "      <th>max</th>\n",
       "      <td>1.000000</td>\n",
       "      <td>2.381834e+00</td>\n",
       "      <td>1.982068</td>\n",
       "      <td>1.000000</td>\n",
       "      <td>3.477868</td>\n",
       "      <td>1.000000</td>\n",
       "      <td>1.000000</td>\n",
       "      <td>1.000000</td>\n",
       "      <td>1.000000</td>\n",
       "      <td>2.633194</td>\n",
       "      <td>2.547212e+00</td>\n",
       "      <td>2.586325e+00</td>\n",
       "      <td>2.574461</td>\n",
       "      <td>2.559434</td>\n",
       "      <td>2.419986</td>\n",
       "      <td>1.000000</td>\n",
       "    </tr>\n",
       "  </tbody>\n",
       "</table>\n",
       "</div>"
      ],
      "text/plain": [
       "              male           age    education  currentSmoker   cigsPerDay  \\\n",
       "count  4238.000000  4.238000e+03  4238.000000    4238.000000  4238.000000   \n",
       "mean      0.429212  1.307747e-16     0.000511       0.494101    -0.005204   \n",
       "std       0.495022  1.000118e+00     0.987656       0.500024     0.998661   \n",
       "min       0.000000 -2.051644e+00    -0.960068       0.000000    -0.760561   \n",
       "25%       0.000000 -8.849392e-01    -0.960068       0.000000    -0.760561   \n",
       "50%       0.000000 -6.824590e-02     0.020644       0.000000    -0.760561   \n",
       "75%       1.000000  7.484475e-01     1.001356       1.000000     0.934811   \n",
       "max       1.000000  2.381834e+00     1.982068       1.000000     3.477868   \n",
       "\n",
       "            BPMeds  prevalentStroke  prevalentHyp     diabetes      totChol  \\\n",
       "count  4238.000000      4238.000000   4238.000000  4238.000000  4238.000000   \n",
       "mean      0.029259         0.005899      0.310524     0.025720    -0.000622   \n",
       "std       0.168552         0.076587      0.462763     0.158316     0.994217   \n",
       "min       0.000000         0.000000      0.000000     0.000000    -2.715230   \n",
       "25%       0.000000         0.000000      0.000000     0.000000    -0.709571   \n",
       "50%       0.000000         0.000000      0.000000     0.000000    -0.052747   \n",
       "75%       0.000000         0.000000      1.000000     0.000000     0.604077   \n",
       "max       1.000000         1.000000      1.000000     1.000000     2.633194   \n",
       "\n",
       "              sysBP         diaBP          BMI    heartRate      glucose  \\\n",
       "count  4.238000e+03  4.238000e+03  4238.000000  4238.000000  4238.000000   \n",
       "mean  -3.872944e-16  7.880016e-17    -0.000375    -0.000015    -0.013746   \n",
       "std    1.000118e+00  1.000118e+00     0.997889     1.000000     0.954221   \n",
       "min   -2.345058e+00 -2.638271e+00    -2.659956    -2.602582    -2.564503   \n",
       "25%   -7.223743e-01 -6.790475e-01    -0.694417    -0.666826    -0.617437   \n",
       "50%   -1.895529e-01 -6.438908e-02    -0.083559    -0.064591    -0.150142   \n",
       "75%    5.854601e-01  6.271017e-01     0.610896     0.623678     0.395037   \n",
       "max    2.547212e+00  2.586325e+00     2.574461     2.559434     2.419986   \n",
       "\n",
       "        TenYearCHD  \n",
       "count  4238.000000  \n",
       "mean      0.151958  \n",
       "std       0.359023  \n",
       "min       0.000000  \n",
       "25%       0.000000  \n",
       "50%       0.000000  \n",
       "75%       0.000000  \n",
       "max       1.000000  "
      ]
     },
     "execution_count": 48,
     "metadata": {},
     "output_type": "execute_result"
    }
   ],
   "source": [
    "df.describe()"
   ]
  },
  {
   "cell_type": "code",
   "execution_count": 49,
   "metadata": {},
   "outputs": [
    {
     "name": "stdout",
     "output_type": "stream",
     "text": [
      "        cigsPerDay      totChol          BMI         sysBP         diaBP  \\\n",
      "count  4238.000000  4238.000000  4238.000000  4.238000e+03  4.238000e+03   \n",
      "mean     -0.005204    -0.001336    -0.000500 -3.872944e-16  7.880016e-17   \n",
      "std       0.998661     0.992211     0.997558  1.000118e+00  1.000118e+00   \n",
      "min      -0.760561    -2.680043    -2.652387 -2.345058e+00 -2.638271e+00   \n",
      "25%      -0.760561    -0.709571    -0.694417 -7.223743e-01 -6.790475e-01   \n",
      "50%      -0.760561    -0.052747    -0.083559 -1.895529e-01 -6.438908e-02   \n",
      "75%       0.934811     0.604077     0.610896  5.854601e-01  6.271017e-01   \n",
      "max       3.477868     2.574549     2.568866  2.547212e+00  2.586325e+00   \n",
      "\n",
      "         heartRate      glucose  \n",
      "count  4238.000000  4238.000000  \n",
      "mean     -0.000015    -0.037048  \n",
      "std       1.000000     0.892168  \n",
      "min      -2.602582    -2.136149  \n",
      "25%      -0.666826    -0.617437  \n",
      "50%      -0.064591    -0.150142  \n",
      "75%       0.623678     0.395037  \n",
      "max       2.559434     1.913748  \n"
     ]
    }
   ],
   "source": [
    "def cap_outliers(df, col, multiplier=1.5):\n",
    "    Q1 = df[col].quantile(0.25)\n",
    "    Q3 = df[col].quantile(0.75)\n",
    "    IQR = Q3 - Q1\n",
    "    lower_bound = Q1 - multiplier * IQR\n",
    "    upper_bound = Q3 + multiplier * IQR\n",
    "\n",
    "    # Capping the values\n",
    "    df[col] = np.where(df[col] < lower_bound, lower_bound, df[col])\n",
    "    df[col] = np.where(df[col] > upper_bound, upper_bound, df[col])\n",
    "    return df\n",
    "\n",
    "# List the columns you suspect have outliers (adjust as needed)\n",
    "cols_to_cap = ['cigsPerDay', 'totChol', 'BMI', 'sysBP', 'diaBP', 'heartRate', 'glucose']\n",
    "\n",
    "for col in cols_to_cap:\n",
    "    df = cap_outliers(df, col)\n",
    "\n",
    "print(df[cols_to_cap].describe())\n"
   ]
  },
  {
   "cell_type": "code",
   "execution_count": 50,
   "metadata": {},
   "outputs": [
    {
     "name": "stdout",
     "output_type": "stream",
     "text": [
      "        age  education  cigsPerDay   totChol     sysBP     diaBP       BMI  \\\n",
      "0 -1.234951   2.006559   -0.756459 -0.973973 -1.255196 -1.118089  0.331170   \n",
      "1 -0.418257   0.020387   -0.756459  0.326499 -0.528621 -0.152197  0.795769   \n",
      "2 -0.184916  -0.972700    0.941387  0.208274 -0.213772 -0.240006 -0.099112   \n",
      "3  1.331800   1.013473    1.790309 -0.264625  0.876090  1.077119  0.756172   \n",
      "4 -0.418257   1.013473    1.196063  1.154071 -0.092676  0.111228 -0.690419   \n",
      "\n",
      "   heartRate   glucose  \n",
      "0   0.365635 -0.214084  \n",
      "1   1.656291 -0.301390  \n",
      "2  -0.064584 -0.825227  \n",
      "3  -0.925021  2.055879  \n",
      "4   0.795854  0.484366  \n"
     ]
    }
   ],
   "source": [
    "# Define the continuous features to scale. \n",
    "cols_to_scale = ['age', 'education', 'cigsPerDay', 'totChol', 'sysBP', 'diaBP', 'BMI', 'heartRate', 'glucose']\n",
    "\n",
    "# Initialize the scaler\n",
    "scaler = StandardScaler()\n",
    "\n",
    "# Fit the scaler on the selected columns and transform the data\n",
    "df[cols_to_scale] = scaler.fit_transform(df[cols_to_scale])\n",
    "\n",
    "print(df[cols_to_scale].head())"
   ]
  },
  {
   "cell_type": "code",
   "execution_count": 51,
   "metadata": {},
   "outputs": [
    {
     "data": {
      "text/html": [
       "<div>\n",
       "<style scoped>\n",
       "    .dataframe tbody tr th:only-of-type {\n",
       "        vertical-align: middle;\n",
       "    }\n",
       "\n",
       "    .dataframe tbody tr th {\n",
       "        vertical-align: top;\n",
       "    }\n",
       "\n",
       "    .dataframe thead th {\n",
       "        text-align: right;\n",
       "    }\n",
       "</style>\n",
       "<table border=\"1\" class=\"dataframe\">\n",
       "  <thead>\n",
       "    <tr style=\"text-align: right;\">\n",
       "      <th></th>\n",
       "      <th>male</th>\n",
       "      <th>age</th>\n",
       "      <th>education</th>\n",
       "      <th>currentSmoker</th>\n",
       "      <th>cigsPerDay</th>\n",
       "      <th>BPMeds</th>\n",
       "      <th>prevalentStroke</th>\n",
       "      <th>prevalentHyp</th>\n",
       "      <th>diabetes</th>\n",
       "      <th>totChol</th>\n",
       "      <th>sysBP</th>\n",
       "      <th>diaBP</th>\n",
       "      <th>BMI</th>\n",
       "      <th>heartRate</th>\n",
       "      <th>glucose</th>\n",
       "      <th>TenYearCHD</th>\n",
       "    </tr>\n",
       "  </thead>\n",
       "  <tbody>\n",
       "    <tr>\n",
       "      <th>male</th>\n",
       "      <td>1.000000</td>\n",
       "      <td>-0.028979</td>\n",
       "      <td>0.017205</td>\n",
       "      <td>0.197596</td>\n",
       "      <td>0.315879</td>\n",
       "      <td>-0.051545</td>\n",
       "      <td>-0.004546</td>\n",
       "      <td>0.005313</td>\n",
       "      <td>0.015708</td>\n",
       "      <td>-0.071200</td>\n",
       "      <td>-0.030095</td>\n",
       "      <td>0.063325</td>\n",
       "      <td>0.102312</td>\n",
       "      <td>-0.116487</td>\n",
       "      <td>-0.001098</td>\n",
       "      <td>0.088428</td>\n",
       "    </tr>\n",
       "    <tr>\n",
       "      <th>age</th>\n",
       "      <td>-0.028979</td>\n",
       "      <td>1.000000</td>\n",
       "      <td>-0.163547</td>\n",
       "      <td>-0.213748</td>\n",
       "      <td>-0.193645</td>\n",
       "      <td>0.120955</td>\n",
       "      <td>0.057655</td>\n",
       "      <td>0.307194</td>\n",
       "      <td>0.101258</td>\n",
       "      <td>0.269226</td>\n",
       "      <td>0.397920</td>\n",
       "      <td>0.206682</td>\n",
       "      <td>0.137018</td>\n",
       "      <td>-0.014283</td>\n",
       "      <td>0.120069</td>\n",
       "      <td>0.225256</td>\n",
       "    </tr>\n",
       "    <tr>\n",
       "      <th>education</th>\n",
       "      <td>0.017205</td>\n",
       "      <td>-0.163547</td>\n",
       "      <td>1.000000</td>\n",
       "      <td>0.018273</td>\n",
       "      <td>0.008041</td>\n",
       "      <td>-0.010365</td>\n",
       "      <td>-0.035150</td>\n",
       "      <td>-0.081021</td>\n",
       "      <td>-0.038136</td>\n",
       "      <td>-0.022037</td>\n",
       "      <td>-0.129073</td>\n",
       "      <td>-0.060799</td>\n",
       "      <td>-0.132060</td>\n",
       "      <td>-0.052507</td>\n",
       "      <td>-0.026354</td>\n",
       "      <td>-0.053383</td>\n",
       "    </tr>\n",
       "    <tr>\n",
       "      <th>currentSmoker</th>\n",
       "      <td>0.197596</td>\n",
       "      <td>-0.213748</td>\n",
       "      <td>0.018273</td>\n",
       "      <td>1.000000</td>\n",
       "      <td>0.765436</td>\n",
       "      <td>-0.048358</td>\n",
       "      <td>-0.032988</td>\n",
       "      <td>-0.103260</td>\n",
       "      <td>-0.044295</td>\n",
       "      <td>-0.049416</td>\n",
       "      <td>-0.130087</td>\n",
       "      <td>-0.107686</td>\n",
       "      <td>-0.170351</td>\n",
       "      <td>0.066365</td>\n",
       "      <td>-0.066862</td>\n",
       "      <td>0.019456</td>\n",
       "    </tr>\n",
       "    <tr>\n",
       "      <th>cigsPerDay</th>\n",
       "      <td>0.315879</td>\n",
       "      <td>-0.193645</td>\n",
       "      <td>0.008041</td>\n",
       "      <td>0.765436</td>\n",
       "      <td>1.000000</td>\n",
       "      <td>-0.044683</td>\n",
       "      <td>-0.032376</td>\n",
       "      <td>-0.066566</td>\n",
       "      <td>-0.036099</td>\n",
       "      <td>-0.027134</td>\n",
       "      <td>-0.088021</td>\n",
       "      <td>-0.055622</td>\n",
       "      <td>-0.091968</td>\n",
       "      <td>0.077568</td>\n",
       "      <td>-0.080655</td>\n",
       "      <td>0.059452</td>\n",
       "    </tr>\n",
       "    <tr>\n",
       "      <th>BPMeds</th>\n",
       "      <td>-0.051545</td>\n",
       "      <td>0.120955</td>\n",
       "      <td>-0.010365</td>\n",
       "      <td>-0.048358</td>\n",
       "      <td>-0.044683</td>\n",
       "      <td>1.000000</td>\n",
       "      <td>0.114609</td>\n",
       "      <td>0.258697</td>\n",
       "      <td>0.051394</td>\n",
       "      <td>0.079891</td>\n",
       "      <td>0.243111</td>\n",
       "      <td>0.191711</td>\n",
       "      <td>0.093182</td>\n",
       "      <td>0.011255</td>\n",
       "      <td>0.012339</td>\n",
       "      <td>0.086417</td>\n",
       "    </tr>\n",
       "    <tr>\n",
       "      <th>prevalentStroke</th>\n",
       "      <td>-0.004546</td>\n",
       "      <td>0.057655</td>\n",
       "      <td>-0.035150</td>\n",
       "      <td>-0.032988</td>\n",
       "      <td>-0.032376</td>\n",
       "      <td>0.114609</td>\n",
       "      <td>1.000000</td>\n",
       "      <td>0.074830</td>\n",
       "      <td>0.006949</td>\n",
       "      <td>0.002128</td>\n",
       "      <td>0.060398</td>\n",
       "      <td>0.048341</td>\n",
       "      <td>0.012120</td>\n",
       "      <td>-0.017436</td>\n",
       "      <td>0.006779</td>\n",
       "      <td>0.061810</td>\n",
       "    </tr>\n",
       "    <tr>\n",
       "      <th>prevalentHyp</th>\n",
       "      <td>0.005313</td>\n",
       "      <td>0.307194</td>\n",
       "      <td>-0.081021</td>\n",
       "      <td>-0.103260</td>\n",
       "      <td>-0.066566</td>\n",
       "      <td>0.258697</td>\n",
       "      <td>0.074830</td>\n",
       "      <td>1.000000</td>\n",
       "      <td>0.077808</td>\n",
       "      <td>0.160452</td>\n",
       "      <td>0.713008</td>\n",
       "      <td>0.622958</td>\n",
       "      <td>0.296577</td>\n",
       "      <td>0.147003</td>\n",
       "      <td>0.084638</td>\n",
       "      <td>0.177603</td>\n",
       "    </tr>\n",
       "    <tr>\n",
       "      <th>diabetes</th>\n",
       "      <td>0.015708</td>\n",
       "      <td>0.101258</td>\n",
       "      <td>-0.038136</td>\n",
       "      <td>-0.044295</td>\n",
       "      <td>-0.036099</td>\n",
       "      <td>0.051394</td>\n",
       "      <td>0.006949</td>\n",
       "      <td>0.077808</td>\n",
       "      <td>1.000000</td>\n",
       "      <td>0.033029</td>\n",
       "      <td>0.103138</td>\n",
       "      <td>0.046139</td>\n",
       "      <td>0.079312</td>\n",
       "      <td>0.049339</td>\n",
       "      <td>0.270524</td>\n",
       "      <td>0.097317</td>\n",
       "    </tr>\n",
       "    <tr>\n",
       "      <th>totChol</th>\n",
       "      <td>-0.071200</td>\n",
       "      <td>0.269226</td>\n",
       "      <td>-0.022037</td>\n",
       "      <td>-0.049416</td>\n",
       "      <td>-0.027134</td>\n",
       "      <td>0.079891</td>\n",
       "      <td>0.002128</td>\n",
       "      <td>0.160452</td>\n",
       "      <td>0.033029</td>\n",
       "      <td>1.000000</td>\n",
       "      <td>0.213093</td>\n",
       "      <td>0.174874</td>\n",
       "      <td>0.130529</td>\n",
       "      <td>0.088335</td>\n",
       "      <td>0.037241</td>\n",
       "      <td>0.079056</td>\n",
       "    </tr>\n",
       "    <tr>\n",
       "      <th>sysBP</th>\n",
       "      <td>-0.030095</td>\n",
       "      <td>0.397920</td>\n",
       "      <td>-0.129073</td>\n",
       "      <td>-0.130087</td>\n",
       "      <td>-0.088021</td>\n",
       "      <td>0.243111</td>\n",
       "      <td>0.060398</td>\n",
       "      <td>0.713008</td>\n",
       "      <td>0.103138</td>\n",
       "      <td>0.213093</td>\n",
       "      <td>1.000000</td>\n",
       "      <td>0.782594</td>\n",
       "      <td>0.319020</td>\n",
       "      <td>0.181762</td>\n",
       "      <td>0.119348</td>\n",
       "      <td>0.209686</td>\n",
       "    </tr>\n",
       "    <tr>\n",
       "      <th>diaBP</th>\n",
       "      <td>0.063325</td>\n",
       "      <td>0.206682</td>\n",
       "      <td>-0.060799</td>\n",
       "      <td>-0.107686</td>\n",
       "      <td>-0.055622</td>\n",
       "      <td>0.191711</td>\n",
       "      <td>0.048341</td>\n",
       "      <td>0.622958</td>\n",
       "      <td>0.046139</td>\n",
       "      <td>0.174874</td>\n",
       "      <td>0.782594</td>\n",
       "      <td>1.000000</td>\n",
       "      <td>0.370262</td>\n",
       "      <td>0.182718</td>\n",
       "      <td>0.051375</td>\n",
       "      <td>0.140473</td>\n",
       "    </tr>\n",
       "    <tr>\n",
       "      <th>BMI</th>\n",
       "      <td>0.102312</td>\n",
       "      <td>0.137018</td>\n",
       "      <td>-0.132060</td>\n",
       "      <td>-0.170351</td>\n",
       "      <td>-0.091968</td>\n",
       "      <td>0.093182</td>\n",
       "      <td>0.012120</td>\n",
       "      <td>0.296577</td>\n",
       "      <td>0.079312</td>\n",
       "      <td>0.130529</td>\n",
       "      <td>0.319020</td>\n",
       "      <td>0.370262</td>\n",
       "      <td>1.000000</td>\n",
       "      <td>0.060968</td>\n",
       "      <td>0.084017</td>\n",
       "      <td>0.071243</td>\n",
       "    </tr>\n",
       "    <tr>\n",
       "      <th>heartRate</th>\n",
       "      <td>-0.116487</td>\n",
       "      <td>-0.014283</td>\n",
       "      <td>-0.052507</td>\n",
       "      <td>0.066365</td>\n",
       "      <td>0.077568</td>\n",
       "      <td>0.011255</td>\n",
       "      <td>-0.017436</td>\n",
       "      <td>0.147003</td>\n",
       "      <td>0.049339</td>\n",
       "      <td>0.088335</td>\n",
       "      <td>0.181762</td>\n",
       "      <td>0.182718</td>\n",
       "      <td>0.060968</td>\n",
       "      <td>1.000000</td>\n",
       "      <td>0.100291</td>\n",
       "      <td>0.022828</td>\n",
       "    </tr>\n",
       "    <tr>\n",
       "      <th>glucose</th>\n",
       "      <td>-0.001098</td>\n",
       "      <td>0.120069</td>\n",
       "      <td>-0.026354</td>\n",
       "      <td>-0.066862</td>\n",
       "      <td>-0.080655</td>\n",
       "      <td>0.012339</td>\n",
       "      <td>0.006779</td>\n",
       "      <td>0.084638</td>\n",
       "      <td>0.270524</td>\n",
       "      <td>0.037241</td>\n",
       "      <td>0.119348</td>\n",
       "      <td>0.051375</td>\n",
       "      <td>0.084017</td>\n",
       "      <td>0.100291</td>\n",
       "      <td>1.000000</td>\n",
       "      <td>0.062400</td>\n",
       "    </tr>\n",
       "    <tr>\n",
       "      <th>TenYearCHD</th>\n",
       "      <td>0.088428</td>\n",
       "      <td>0.225256</td>\n",
       "      <td>-0.053383</td>\n",
       "      <td>0.019456</td>\n",
       "      <td>0.059452</td>\n",
       "      <td>0.086417</td>\n",
       "      <td>0.061810</td>\n",
       "      <td>0.177603</td>\n",
       "      <td>0.097317</td>\n",
       "      <td>0.079056</td>\n",
       "      <td>0.209686</td>\n",
       "      <td>0.140473</td>\n",
       "      <td>0.071243</td>\n",
       "      <td>0.022828</td>\n",
       "      <td>0.062400</td>\n",
       "      <td>1.000000</td>\n",
       "    </tr>\n",
       "  </tbody>\n",
       "</table>\n",
       "</div>"
      ],
      "text/plain": [
       "                     male       age  education  currentSmoker  cigsPerDay  \\\n",
       "male             1.000000 -0.028979   0.017205       0.197596    0.315879   \n",
       "age             -0.028979  1.000000  -0.163547      -0.213748   -0.193645   \n",
       "education        0.017205 -0.163547   1.000000       0.018273    0.008041   \n",
       "currentSmoker    0.197596 -0.213748   0.018273       1.000000    0.765436   \n",
       "cigsPerDay       0.315879 -0.193645   0.008041       0.765436    1.000000   \n",
       "BPMeds          -0.051545  0.120955  -0.010365      -0.048358   -0.044683   \n",
       "prevalentStroke -0.004546  0.057655  -0.035150      -0.032988   -0.032376   \n",
       "prevalentHyp     0.005313  0.307194  -0.081021      -0.103260   -0.066566   \n",
       "diabetes         0.015708  0.101258  -0.038136      -0.044295   -0.036099   \n",
       "totChol         -0.071200  0.269226  -0.022037      -0.049416   -0.027134   \n",
       "sysBP           -0.030095  0.397920  -0.129073      -0.130087   -0.088021   \n",
       "diaBP            0.063325  0.206682  -0.060799      -0.107686   -0.055622   \n",
       "BMI              0.102312  0.137018  -0.132060      -0.170351   -0.091968   \n",
       "heartRate       -0.116487 -0.014283  -0.052507       0.066365    0.077568   \n",
       "glucose         -0.001098  0.120069  -0.026354      -0.066862   -0.080655   \n",
       "TenYearCHD       0.088428  0.225256  -0.053383       0.019456    0.059452   \n",
       "\n",
       "                   BPMeds  prevalentStroke  prevalentHyp  diabetes   totChol  \\\n",
       "male            -0.051545        -0.004546      0.005313  0.015708 -0.071200   \n",
       "age              0.120955         0.057655      0.307194  0.101258  0.269226   \n",
       "education       -0.010365        -0.035150     -0.081021 -0.038136 -0.022037   \n",
       "currentSmoker   -0.048358        -0.032988     -0.103260 -0.044295 -0.049416   \n",
       "cigsPerDay      -0.044683        -0.032376     -0.066566 -0.036099 -0.027134   \n",
       "BPMeds           1.000000         0.114609      0.258697  0.051394  0.079891   \n",
       "prevalentStroke  0.114609         1.000000      0.074830  0.006949  0.002128   \n",
       "prevalentHyp     0.258697         0.074830      1.000000  0.077808  0.160452   \n",
       "diabetes         0.051394         0.006949      0.077808  1.000000  0.033029   \n",
       "totChol          0.079891         0.002128      0.160452  0.033029  1.000000   \n",
       "sysBP            0.243111         0.060398      0.713008  0.103138  0.213093   \n",
       "diaBP            0.191711         0.048341      0.622958  0.046139  0.174874   \n",
       "BMI              0.093182         0.012120      0.296577  0.079312  0.130529   \n",
       "heartRate        0.011255        -0.017436      0.147003  0.049339  0.088335   \n",
       "glucose          0.012339         0.006779      0.084638  0.270524  0.037241   \n",
       "TenYearCHD       0.086417         0.061810      0.177603  0.097317  0.079056   \n",
       "\n",
       "                    sysBP     diaBP       BMI  heartRate   glucose  TenYearCHD  \n",
       "male            -0.030095  0.063325  0.102312  -0.116487 -0.001098    0.088428  \n",
       "age              0.397920  0.206682  0.137018  -0.014283  0.120069    0.225256  \n",
       "education       -0.129073 -0.060799 -0.132060  -0.052507 -0.026354   -0.053383  \n",
       "currentSmoker   -0.130087 -0.107686 -0.170351   0.066365 -0.066862    0.019456  \n",
       "cigsPerDay      -0.088021 -0.055622 -0.091968   0.077568 -0.080655    0.059452  \n",
       "BPMeds           0.243111  0.191711  0.093182   0.011255  0.012339    0.086417  \n",
       "prevalentStroke  0.060398  0.048341  0.012120  -0.017436  0.006779    0.061810  \n",
       "prevalentHyp     0.713008  0.622958  0.296577   0.147003  0.084638    0.177603  \n",
       "diabetes         0.103138  0.046139  0.079312   0.049339  0.270524    0.097317  \n",
       "totChol          0.213093  0.174874  0.130529   0.088335  0.037241    0.079056  \n",
       "sysBP            1.000000  0.782594  0.319020   0.181762  0.119348    0.209686  \n",
       "diaBP            0.782594  1.000000  0.370262   0.182718  0.051375    0.140473  \n",
       "BMI              0.319020  0.370262  1.000000   0.060968  0.084017    0.071243  \n",
       "heartRate        0.181762  0.182718  0.060968   1.000000  0.100291    0.022828  \n",
       "glucose          0.119348  0.051375  0.084017   0.100291  1.000000    0.062400  \n",
       "TenYearCHD       0.209686  0.140473  0.071243   0.022828  0.062400    1.000000  "
      ]
     },
     "execution_count": 51,
     "metadata": {},
     "output_type": "execute_result"
    }
   ],
   "source": [
    "# Correlation matrix\n",
    "df.corr()"
   ]
  },
  {
   "cell_type": "code",
   "execution_count": 52,
   "metadata": {},
   "outputs": [
    {
     "data": {
      "text/plain": [
       "<Axes: >"
      ]
     },
     "execution_count": 52,
     "metadata": {},
     "output_type": "execute_result"
    },
    {
     "data": {
